4
8

rgba(255,20,20,1.0)
rgba(200,00,00,1.0)
rgba(255,100,0,1.0)
rgba(190,60,0,1.0)
rgba(20,240,20,1.0)
rgba(0,120,0,1.0)
rgba(0,100,180,1.0)
rgba(0,50,100,1.0)

rgba(20,255,20,1.0)
rgba(50,255,50,1.0)
rgba(20,160,20,1.0)
rgba(50,160,50,1.0)
rgba(20,90,20,1.0)
rgba(50,90,50,1.0)
rgba(20,50,20,1.0)
rgba(50,50,50,1.0)

rgba(255,60,190,1.0)
rgba(220,50,90,1.0)
rgba(255,160,20,1.0)
rgba(220,100,00,1.0)
rgba(200,50,50,1.0)
rgba(160,40,40,1.0)
rgba(220,100,250,1.0)
rgba(180,50,190,1.0)

rgba(220,100,20,1.0)
rgba(200,50,20,1.0)
rgba(200,100,40,1.0)
rgba(130,70,10,1.0)
rgba(50,50,50,1.0)
rgba(30,30,30,1.0)
rgba(20,200,20,1.0)
rgba(200,20,200,1.0)